20
21
22
24
25
26
27
29
28
30
23
31
32
33
34
0
36
37
38
39
35
40
41
42
43
44
45
46
47
48
51
50
49
52
53
54
56
57
443501
443502
443503
443504
180
55
404401
58
404402
404411
20071001
20071002
20071003
20071004
20071005
404403
20071006
20071007
20071008
20071009
20071010
59
20071011
20071016
20071012
20071017
20071013
20071018
20071014
20071019
20071015
20071020
20071021
20071022
20071023
20071024
404412
20071025
20071102
20071103
20071104
20071111
20071201
20071125
404413
20071226
20080101
20071229
20080111
20080118
80
20080155
20080328
2008443501
2008443502
2008443503
2008443504
2008443505
2008443506
20080401
20080404
20080411
20080418
20080420
20080425
20080502
20080503
20080509
2008051140
2008051160
20080516
20080523
20080530
20080601
20080613
20080620
2008443511
2008443512
2008443513
2008443514
2008443515
20080627
80701
80702
20080704
20080705 
80703
80704
80705
20080711 
20080712
80706
80707
80708
2008072040
2008072060
80709
80710
80711
80801
80740
80802
80803
20080906
20080912
20080913
80901
80902
20080919
80903
20080926
80904
20081003
20081004
80905
20081011
81001
81101
80906
20081017
20081018
20081024
20081030
20081031
20081102
20081101
200811021
20081103
20081107
20081109
20081114
81002
20081121
20081128
20081205
20081212
81003
81102
20081219
20081226
20081227
20090102
20090109
20090116
81004
20090124
20090130
20090213
81005
81103
61
20090227
60
20090306
20090313
20090317
20090318
2009443501
2009443502
2009443503
2009443504
2009443505
2009443506
20090403
20090405
20090410
81006
20090417
20090424
81104
20090501
20090508
20090515
81007
20090522
20090529
81105
20090605
81008
20090612
81009
2009443511
2009443512
2009443513
2009443514
2009443515
2009443516
20090619
81010
20090626
20090703
20090705
20090710
20090712
20090713
20090715
20090717
20090724
20090730
20090731
20090804
20090807
20090810
20090816
956
20090828
20090829
20090830
20090908
20090913
20090914
20090926
20090929
20091001
20091003
20091009
20091016
20091019
20091023
20091030
200982
20091106
20091107
20091108
20091109
20091110
20091113
20091114
91114
20091120
20091121
20091123
20091127
20091128
20091130
20091204
20091205
20091207
20091211
20091212
20091218
20091219
91226
20091226
20100102
20100104
20100108
20100109
20100115
20100116
20100118
20100119
20100123
20100130
20100131
201082
20100202
20100206
20100213
20100216
20100220
20100227
20100228
20100305
20100312
20100314
20100326
20100331
20100401
20100402
20100405
20100409
20100416
20100418
20100423
20100430
201085
20104401
20104402
20104403
20104404
20104405
20104406
20100502
20100508
20100512
20100514
201005157
20100515
20100521
20100528
20100604
20100611
20100614
20100616
20100618
20100625
20100629
20100701
100702
20100702
100703
100704
20100704
20100707
20100709
20100711
20100712
20100714
20100716
20100720
20100722
20100723
20100727
20100730
20100803
20100806
20100809
20100813
20100816
20100818
20100820
20100823
20100827
20100903
20100910
20100915
20100917
20100919
1009241
1009244
1009242
1009243
20100926
201053
20101003
20101006
20101008
20101011
20101012
20101014
20101015
20101022
20101023
20101029
20101031
20101105
20101112
20101119
20101121
20101126
20101203
